{
  "_runtime": 9353,
  "_step": 158,
  "_timestamp": 1765483598.877629,
  "_wandb.runtime": 9353,
  "eval/entropy": 0.5781424386160714,
  "eval/loss": 0.584199070930481,
  "eval/mean_token_accuracy": 0.8100375348613376,
  "eval/num_tokens": 6743646,
  "eval/runtime": 175.0738,
  "eval/samples_per_second": 15.354,
  "eval/steps_per_second": 0.48,
  "total_flos": 109930736013803520,
  "train/entropy": 0.606689453125,
  "train/epoch": 2,
  "train/global_step": 1512,
  "train/grad_norm": 0.11907081305980682,
  "train/learning_rate": 2.1537823834183452e-9,
  "train/loss": 0.5662,
  "train/mean_token_accuracy": 0.8060369938611984,
  "train/num_tokens": 7284687,
  "train_loss": 0.6846081005833137,
  "train_runtime": 9282.0511,
  "train_samples_per_second": 5.211,
  "train_steps_per_second": 0.163
}